R_n, Ом.	L_n, Гн.	I1, А.	U_n1, В.	fi_U, град	I_n1, А.	fi_I, град.	I_T0, А.	I_T_RMS, А.	fi_n1, град.	S_n1, ВА.	P_n1, Вт.	P_T, Вт.	P_1, Вт.
1	0.002	100.232	1448.28	0.0413	439.42	-72.3	105.144	219.791	72.345	954604.8	289517.08	246.9430092025	290672.8
2	0.004	50.069	1448.44	0.0205	219.73	-72.32	52.567	109.908	72.345	477398.58	144787.71	93.27982116	145200.1
3	0.006	33.371	1448.5	0.0136	146.5	-72.33	35.043	73.275	72.345	318307.88	96537.92	55.4746640625	96775.9
4	0.008	25.026	1448.53	0.0102	109.87	-72.33	26.282	54.958	72.345	238724.99	72401.65	39.08935441	72575.4
5	0.01	20.021	1448.54	0.0081	87.9	-72.34	21.026	43.967	72.345	190990	57924.35	30.0639427225	58060.9
6	0.012	16.684	1448.55	0.0068	73.25	-72.34	17.522	36.639	72.345	159159.43	48270.63	24.3824408025	48383.6
7	0.014	14.301	1448.56	0.0057	62.79	-72.34	15.019	31.405	72.345	136432.62	41377.93	20.4884850625	41472.9
8	0.016	12.514	1448.57	0.005	54.94	-72.34	13.141	27.48	72.345	119376.65	36205.12	17.657076	36290.6
9	0.018	11.124	1448.57	0.0044	48.83	-72.34	11.681	24.427	72.345	106100.51	32178.67	15.5088958225	32259.6
10	0.02	10.013	1448.58	0.004	43.95	-72.34	10.513	21.984	72.345	95497.64	28962.98	13.82384064	29037.7
m	Uн, В.
0	0
0.2	289.73
0.4	579.4
0.6	869.01
0.8	1158.67
1	1448.28
