U_a, В.	f_c, Гц.	Alpha, град.	R_n, Ом.	L_n, Гн.	I_n, А.	U_n, В.	I_1max, А.	Phi_1, град.	I_VT1sr, А.	I_VT1d, А.	I_VT1max, А.	U_VT1max, В.	S_1, кВА.	P_t, Вт.	P_1, кВт.	P_n, кВт.
423	200	0	1	0.015	637.25	637.25	699.14	-20.18	213.31	628.94	213.31	400.02	443.6	1244.91	8951.35	406.09
423	200	0	2	0.03	334.46	668.93	370.19	-14.89	112.38	646.28	112.38	417.35	234.9	1179.05	3498.53	223.73
423	200	0	4	0.06	170.12	680.49	188.74	-11.71	57.56	649.96	57.56	420.69	119.8	1125.2	1402.7	115.77
423	200	0	10	0.15	69	689.98	75.04	-6.89	22.62	653	22.62	422.6	47.6	1093.18	327.93	47.61
423	200	40	1	0.015	464.35	464.35	517.41	-46.19	157.77	560.63	157.77	388.22	328.3	975.08	15164.49	215.63
423	200	40	2	0.03	240.06	480.12	267.51	-44.67	81.62	577.29	81.62	399.86	169.7	931.11	7581.88	115.26
423	200	40	4	0.06	122.1	488.4	135.99	-43.77	41.54	584.9	41.54	405.72	86.3	905.11	3776.95	59.63
423	200	40	10	0.15	49.35	493.51	54.85	-42.95	16.8	589.26	16.8	409.34	34.8	888.22	1494.68	24.36
423	200	60	1	0.015	288.25	288.25	321.45	-66.25	98.09	495.67	98.09	403.9	204	731.94	13512.92	83.09
423	200	60	2	0.03	149.01	298.01	166.04	-65.45	50.72	505.89	50.72	412.78	105.4	700.68	6895.66	44.41
423	200	60	4	0.06	75.79	303.15	84.3	-64.9	25.8	511.17	25.8	417.45	53.5	684.2	3471.62	22.97
423	200	60	10	0.15	30.63	306.31	33.89	-64.14	10.44	514.55	10.44	420.32	21.5	674.43	1379.39	9.38
Alpha, град.	U_n, В.	U_nrash, В.
0	637.25	571.05
20	576.513	536.61
40	464.354	437.45
60	288.246	285.53
80	79.833	99.16
100	0.384	0
120	0.17	0
