R_n	L_n	I1	U_n1max	I_n1max	fi_U	fi_I	I_VT	I_VT_RMS	fi_n	S_n1	P_n	P_n1	P_VT
1	0.0025	4.421	143.59	43.58	0.0335	-72.32	2.208	22.097	72.349	3128.83	994.73	948.72	4.9
2	0.005	2.212	143.61	21.79	0.0172	-72.33	1.104	11.048	72.349	1564.63	497.7	474.42	2.33
3	0.0075	1.476	143.62	14.53	0.0114	-72.34	0.737	7.365	72.348	1043.4	332.1	316.4	1.53
4	0.01	1.108	143.62	10.89	0.0089	-72.34	0.553	5.524	72.349	782.01	249.3	237.12	1.14
5	0.0125	0.887	143.62	8.72	0.0072	-72.34	0.442	4.419	72.349	626.18	199.58	189.87	0.9
6	0.015	0.74	143.62	7.26	0.0061	-72.34	0.369	3.683	72.349	521.34	166.5	158.08	0.75
7	0.0175	0.635	143.63	6.23	0.0052	-72.34	0.316	3.157	72.347	447.41	142.88	135.68	0.64
8	0.02	0.556	143.62	5.45	0.0048	-72.35	0.277	2.762	72.35	391.36	125.1	118.66	0.56
9	0.0225	0.495	143.62	4.84	0.0042	-72.34	0.246	2.455	72.348	347.56	111.38	105.39	0.5
10	0.025	0.446	143.63	4.36	0.0038	-72.34	0.222	2.21	72.348	313.11	100.35	94.95	0.45
Uмод, В.	Uн, В.
0	0
0.5	55.22
1	110.43
1.5	165.65
1.9	220.16
